2827
3073
4802
5563
5636
5781
6149
6378
6402
6428
6429
7559
10958
11326
11363
11364
11664
11783
12501
12870
13229
13236
13356
13671
13722
14466
14508
14509
14884
14936
16274
16277
16281
16297
16730
16736
17172
17186
17537
17649
19061
21126
21485
21554
22040
23128
23616
23654
24661
24683
25296
26337
26369
26418
26900
26901
26911
28112
28121
28122
28686
28687
28699
28703
29253
29276
29876
29893
30502
30516
31037
31064
31117
31168
31712
31728
31731
31732
31736
31737
31781
32240
32252
32829
32880
32910
32922
32953
33448
33596
34112
34146
34253
34255
34786
34787
34863
35433
36119
36734
36765
36771
36831
36837
36890
38041
38089
38101
38102
38119
38134
38139
38843
38847
38865
38873
38876
38882
38883
39457
39546
39562
39565
39570
40129
40131
40134
40202
40212
40223
40241
40247
40248
40249
40914
40915
40935
40938
41552
41557
41607
41611
41612
41635
42169
42286
42309
42342
42976
43541
43637
43706
43709
44259
44454
44983
44984
45084
45170
45216
45815
45852
45879
45884
45895
45901
45932
46492
46587
46651
47400
48015
48094
48100
48114
48119
48136
48762
48869
48911
49528
49529
49602
49604
50365
50417
50423
50960
51057
51139
51212
51731
51732
51733
51797
51816
51861
52510
52678
52700
52768
53286
53287
53288
53308
53365
53445
53483
53526
53569
53570
54073
54146
54271
54272
54286
54959
54987
54994
55066
55763
55799
55838
55843
55852
55853
55917
55918
56603
56634
56635
56653
56743
57343
57389
57411
57444
57463
57464
57469
57470
57583
58112
58173
58182
58226
58257
58277
58279
58284
58293
58933
59003
59004
59077
59078
59094
59103
59164
59206
59754
59755
59811
59828
59902
59903
59927
59932
59933
59936
59943
59956
60667
60697
60698
60755
60756
60759
60764
61422
61423
61424
61521
61532
61533
61598
61699
61700
62325
62330
62423
62424
62434
62455
62480
62539
63139
63159
63215
63252
63259
63260
63269
63275
63280
63281
63282
63285
63288
63291
63292
64021
64111
64125
64126
64128
64130
64135
64139
64140
64141
64145
64147
64150
64151
64158
64167
64168
64174
64189
64236
64237
64875
64877
64879
64882
64888
64943
64958
64963
64965
64966
64967
64968
64969
64981
64984
64986
64988
64989
64991
64992
64996
64997
65699
65741
65742
65786
65820
65823
65825
65826
65837
65844
65845
65846
65847
65848
65849
65850
65893
65956
66592
66598
66645
66652
66653
66654
66685
66691
66692
66702
66712
66713
66714
66715
66716
66717
67398
67468
67469
67482
67522
67523
67548
67565
67567
67568
67584
67586
67587
67588
67617
68290
68432
68438
68441
68442
68444
68459
68464
68465
68473
68523
69154
69171
69313
69326
69332
69340
69345
69346
69362
69455
70086
70104
70181
70184
70209
70210
70212
70213
70216
70227
70276
70335
70947
71009
71066
71068
71089
71100
71103
71104
71106
71108
71110
71121
71153
71190
71842
71889
71988
71994
71995
71998
72012
72023
72048
72843
72895
72900
72957
72967
72968
73667
73700
73730
73731
73732
73785
73794
73804
73813
73814
73819
73873
73891
74602
74633
74639
74655
74660
74661
74696
74761
74773
74774
74790
75517
75518
75519
75551
75552
75553
75574
75587
75588
75612
75684
75685
75690
75714
76441
76442
76462
76472
76489
76491
76494
76539
76575
76602
76617
76638
77366
77368
77370
77379
77413
77417
77476
77524
78298
78312
78328
78344
79190
79231
79235
79236
79283
79332
79340
79399
79402
79427
79460
79461
80138
80172
80173
80185
80191
80221
80222
80243
80257
80292
80337
80338
80349
80366
81128
81135
81220
81277
81310
81311
81990
81991
82059
82063
82069
82070
82082
82098
82146
82164
82165
82167
83020
83073
83096
83098
83099
83184
83993
84025
84043
84174
84895
84907
84985
84995
84996
84999
85000
85015
85017
85082
85108
85155
85910
85923
85982
86003
86021
86143
86144
86829
86897
86907
86912
86925
86937
86938
86955
86959
86973
86983
86988
86991
86992
86993
87003
87053
87085
87097
87838
87901
87902
87932
87966
87967
87968
87969
87973
87974
88005
88073
88862
88923
88933
88947
88990
89077
89794
89918
89931
89969
89980
90008
90826
90827
90877
90882
90883
90889
90907
90908
90911
90929
90956
90962
90973
90980
91740
91741
91810
91817
91818
91820
91835
91839
91902
91906
91931
91943
91946
91955
91978
92008
92739
92823
92835
92836
92837
92839
92862
92929
92932
92933
92934
92936
92964
92970
92971
92977
92978
92981
93032
93033
93700
93740
93777
93840
93906
93909
93927
93930
93931
93939
93940
93941
93946
93949
93970
93985
93999
94747
94828
94851
94855
94860
94861
94936
94937
94938
94939
94941
94948
94952
94959
94960
95058
95735
95758
95854
95868
95869
95892
95948
95951
95973
95975
95996
96009
96036
96050
96075
96791
96882
96966
96969
96970
97030
97093
97094
97813
97891
97904
97911
97951
97958
97987
97992
97993
98000
98087
98107
98117
98909
98934
98937
98942
98943
98976
99016
99018
99019
99020
99940
99963
99965
100048
100049
100050
100077
100153
100166
100882
100901
100903
100911
100942
100943
101026
101035
101045
101047
101057
101058
101084
101085
101118
101119
101177
101939
101942
101946
101956
101962
101982
101983
102051
102107
102108
102159
102216
102241
102983
102990
103028
103068
103092
103095
103140
103150
103154
103168
103206
103271
103273
104055
104079
104109
104129
104130
104133
104140
104220
104322
105172
105183
105193
105197
105220
105221
105293
105298
105314
105376
106143
106184
106215
106228
106229
106249
106276
106278
106313
106325
106326
106371
106444
107208
107210
107276
107318
107335
107364
107365
107370
107386
107388
107474
107484
108272
108276
108309
108312
108314
108315
108316
108374
108380
108381
108400
108423
108430
108434
108436
108451
108454
108467
108541
108550
109343
109344
109345
109346
109378
109389
109391
109411
109412
109444
109445
109450
109451
109452
109469
109479
109498
109505
109522
109608
109611
110419
110420
110436
110463
110464
110466
110566
110575
110611
110684
110685
111516
111584
111592
111594
111623
111625
111633
111670
111677
111680
111695
111696
111764
112678
112703
112740
112741
112761
112762
112778
112779
112780
112783
112790
112791
113698
113713
113734
113764
113768
113775
113789
113790
113826
113854
114732
114822
114849
114854
114879
114883
114928
114988
115030
115044
115866
115924
115932
115945
115996
116042
116046
116076
116996
117022
117024
117030
117067
117070
117078
117110
117111
117131
117134
117147
117158
117160
117216
117217
118108
118132
118162
118171
118211
118229
118231
118244
118248
118357
119235
119236
119335
119352
119353
119354
119355
120330
120355
120360
120362
120385
120437
120442
120445
120451
120459
120462
120466
120493
120533
121422
121427
121436
121438
121439
121443
121469
121470
121535
121560
121562
121564
121576
121587
121591
122545
122558
122626
122672
122673
122674
122676
122694
122698
122719
122733
122790
123659
123795
123796
123818
123842
123884
123885
124833
124841
124903
124928
124956
124959
125011
125896
125924
125933
125962
126048
126052
126054
126056
126058
126060
126061
126069
126105
126115
126167
127022
127057
127059
127060
127061
127101
127107
127108
127192
127194
127195
127222
127241
128161
128188
128245
128327
128331
128346
128389
128415
129385
129387
129389
129397
129400
129422
129436
129442
129467
129479
129506
130451
130486
130559
130569
130582
130591
130613
130659
130708
131606
131617
131670
131677
131678
131759
131760
131762
131767
131812
131826
132790
132822
132823
132830
132862
132896
132916
132918
132919
132926
132986
133015
133924
133978
133982
133995
134045
134069
134070
134072
134176
135060
135073
135086
135142
135143
135168
135171
135173
135235
135251
135298
135322
135334
135353
136226
136234
136250
136270
136301
136330
136338
136339
136378
136408
136421
136469
136470
136499
137395
137396
137423
137424
137491
137531
137575
137638
138586
138594
138596
138598
138611
138663
138664
138672
138731
138771
139770
139771
139772
139774
139777
139778
139779
139815
139841
139849
139894
139896
139916
139921
139922
139930
139959
140930
140954
140955
140956
140957
140965
140966
141026
141035
141082
141083
141095
141098
141101
141111
141170
142113
142115
142119
142125
142126
142127
142128
142129
142130
142135
142137
142179
142203
142257
142292
142303
143297
143311
143312
143314
143315
143317
143324
143383
143434
143461
143492
143604
144492
144493
144494
144499
144503
144542
144543
144547
144548
144572
144603
144612
144628
144667
144671
145703
145707
145737
145755
145767
145808
145819
145830
145831
145867
145871
145895
146892
146903
146950
146954
146959
146960
147018
147125
148142
148150
148168
148171
148176
148183
148199
148214
148215
148219
148234
148235
148237
148244
148260
148262
148294
148326
148327
149344
149354
149373
149374
149389
149395
149404
149418
149419
149420
149476
149500
149537
150521
150535
150544
150567
150570
150575
150577
150580
150582
150601
150609
150623
150626
150627
150629
150681
150683
150730
150732
151760
151776
151779
151788
151789
151790
151811
151812
151836
151839
151884
151886
151890
151894
151901
151934
151939
151940
151941
151947
152004
153001
153020
153046
153061
153067
153072
153088
153107
153109
153110
153136
153154
154216
154217
154218
154304
154307
154337
154439
155415
155434
155435
155438
155461
155463
155470
155471
155488
155491
155541
155550
155554
155556
156600
156636
156638
156639
156650
156663
156702
156779
156799
156862
157828
157829
157892
157894
157897
157916
157992
158021
158092
159023
159058
159090
159094
159096
159129
159146
159189
159228
160324
160328
160357
160377
160390
160396
160409
160449
160464
160490
160491
161546
161562
161575
161612
161616
161620
161622
161624
161632
161712
161727
161728
162756
162769
162782
162803
162804
162816
162823
162859
162862
162869
162936
164022
164023
164170
164204
164253
164256
164259
165247
165268
165269
165310
165311
165325
165370
165422
165452
165486
165496
165501
165502
166531
166554
166618
166628
166640
166658
166666
166692
167772
167777
167788
167789
167814
167816
167821
167841
167865
167870
167871
167872
167873
167916
167931
167933
169028
169029
169078
169082
169107
169172
169176
169187
169222
169223
170243
170269
170294
170295
170296
170309
170328
170337
170353
170379
170438
170447
170458
170481
170503
170532
170938
171532
171556
171557
171558
171560
171562
171563
171606
171632
171633
171635
171641
171700
171702
171715
171748
171764
171766
172817
172819
172822
172823
172831
172833
172855
172856
172865
172884
172907
172928
172934
172960
172961
172962
172978
173017
173018
173020
173028
173055
173596
174055
174085
174086
174162
174203
174240
174285
174290
174873
175313
175344
175355
175363
175370
175441
175448
175500
175515
175553
176585
176587
176599
176631
176633
176681
176687
176700
176701
176726
176730
176731
176741
176743
176747
176768
176777
176787
176802
176874
176876
177876
177907
177908
177932
177937
177941
177957
177958
177978
177989
178012
178022
178023
178036
178050
178062
178096
178123
179156
179237
179239
179264
179266
179292
179295
179297
179325
179326
179332
179349
179365
179401
179404
179867
179872
180440
180474
180515
180519
180546
180549
180554
180556
180579
180581
180583
180604
180606
180607
180609
180614
180626
180674
180711
181726
181730
181751
181783
181805
181837
181840
181842
181850
181853
181867
181868
181869
181892
181893
181894
181895
181899
181947
181955
181958
181959
181960
181961
181997
182024
183054
183059
183142
183154
183155
183156
183157
183158
183159
183161
183170
183187
183188
183194
183203
183204
183211
183247
183263
183264
183319
184307
184337
184338
184341
184348
184351
184352
184353
184361
184374
184387
184390
184401
184402
184445
184449
184453
184454
184462
184466
184476
184488
184492
184493
184534
184555
185609
185628
185631
185634
185635
185679
185680
185694
185721
185722
185767
185768
185777
185786
185790
185801
185804
185828
185851
185854
185868
185904
185906
186900
186907
186909
186910
186927
186930
186932
186934
186993
187016
187037
187047
187087
187088
187150
187204
188210
188211
188220
188225
188227
188280
188322
188341
188346
188348
188374
188399
188429
188450
188451
188495
188506
188941
189494
189528
189533
189621
189665
189733
189739
189768
189808
190827
190832
190836
190913
190953
190954
190956
190957
190960
190996
191057
192142
192214
192242
192248
192256
192261
192264
192266
192342
193452
193524
193536
193539
193552
193566
193588
193648
193659
193679
193734
194228
194229
194740
194743
194744
194850
194863
194887
194889
194934
194968
195004
196069
196079
196093
196098
196166
196181
196208
196250
196275
196299
196301
196308
196317
196321
196322
197375
197376
197388
197394
197395
197400
197407
197534
197575
197642
197669
198699
198703
198707
198708
198743
198744
198764
198816
198829
198854
198892
198893
198960
200109
200150
200165
200216
200281
201376
201420
201469
201470
201482
201503
201542
201563
201608
202786
202796
202805
202820
202821
202868
202892
202920
202922
203942
204013
204059
204071
204074
204132
204164
204165
204199
204236
204243
204252
204263
204265
204266
204267
204312
205274
205355
205356
205360
205361
205372
205377
205458
205463
205464
205487
205489
205497
205519
205577
205578
205591
205596
206610
206690
206694
206711
206712
206817
206824
206912
206913
206914
206917
206919
206977
208030
208031
208038
208040
208041
208042
208050
208124
208128
208131
208134
208147
208148
208197
208209
208254
208259
208268
208316
209286
209287
209377
209388
209416
209488
209509
209589
210719
210734
210749
210759
210763
210798
210841
210938
210943
210954
211007
212086
212088
212089
212091
212111
212174
212184
212199
212347
213386
213387
213402
213435
213502
213505
213506
213526
213590
213631
213634
213636
213638
213639
213640
213680
214766
214851
214870
214871
214980
214981
214982
214983
214984
214986
214988
214994
214995
214996
216101
216102
216109
216231
216242
216303
216321
216322
216331
216332
216337
216339
216346
216980
216982
217456
217521
217566
217567
217627
217683
217689
217712
218217
218332
218339
218779
218806
218808
218845
218929
218979
219052
219064
219068
219569
220174
220178
220180
220183
220257
220277
220278
220281
220413
221369
221529
221535
221536
221537
221543
221568
221616
221628
221637
221638
221646
221694
221702
221711
221768
221773
221777
221784
222891
222905
222985
222991
222992
223037
223080
223094
223130
223131
223136
223141
223167
224257
224262
224276
224292
224412
224425
224440
224491
224500
225622
225638
225653
225662
225703
225722
225762
225786
225796
225799
225808
225809
225869
226993
226996
227006
227007
227031
227038
227169
227170
227183
227199
227206
227223
227236
227244
227245
228363
228369
228377
228402
228440
228442
228455
228537
228539
228541
228547
228552
228596
228604
228607
229740
229747
229748
229757
229777
229844
229848
229908
229909
229910
229912
229913
229989
231121
231122
231138
231140
231141
231187
231210
231244
231271
231275
231299
231324
231808
232486
232490
232525
232573
232583
232604
232647
232664
232675
232693
233185
233186
233875
233879
233880
233888
233931
233932
233956
233963
233982
234040
234044
234053
234084
235258
235271
235272
235275
235279
235303
235315
235316
235322
235331
235334
235335
235375
235399
235403
235439
236632
236637
236646
236648
236649
236650
236657
236664
236668
236696
236709
236714
236731
236782
236783
237972
238016
238030
238031
238035
238046
238047
238073
238077
238100
238113
238136
238183
238189
239409
239410
239411
239417
239448
239484
239488
239569
240795
240796
240797
240807
240845
240936
240938
240940
240941
240942
240949
241004
241005
241006
241448
241551
242071
242183
242184
242185
242192
242193
242220
242221
242247
242274
242303
242325
242337
242342
242425
242864
243558
243573
243574
243576
243578
243591
243611
243613
243642
243664
243691
243723
243766
243794
244255
244949
244969
244974
244978
244982
244986
244988
245002
245018
245053
245084
245108
245110
245111
245112
245115
245116
245735
246324
246344
246349
246360
246379
246413
246501
246504
247710
247742
247743
247754
247755
247756
247866
247869
247898
247899
247900
247901
247964
247988
247996
248494
249126
249139
249150
249151
249152
249153
249173
249176
249217
249252
249270
249280
249392
249409
250515
250519
250535
250546
250548
250550
250552
250554
250572
250573
250574
250703
250746
251920
251944
251945
251946
251947
251948
251949
251951
251953
251955
251956
251962
251963
251968
251972
251983
251997
252074
252093
252094
252096
252097
252098
252596
252597
253232
253345
253349
253350
253353
253355
253356
253360
253361
253363
253400
253448
253457
253482
253496
253498
253544
254036
254037
254101
254103
254107
254109
254627
254628
254734
254743
254746
254747
254755
254801
254803
254826
254860
254880
254893
254894
254895
254900
254921
254922
254947
254996
255401
255485
255511
256143
256164
256210
256261
256297
256303
256313
256314
256323
256350
256356
257019
257459
257546
257547
257568
257569
257577
257585
257668
257706
257718
258852
258956
258957
258985
258986
258987
258988
259076
259133
260365
260389
260394
260406
260437
260451
260453
260483
260484
260485
260487
260488
260489
260534
261203
261231
261602
261676
261765
261766
261811
261812
261817
261889
261890
261891
261892
261893
261894
261896
261897
261898
261899
262013
262020
262458
262574
263186
263227
263274
263306
263324
263355
263945
263950
264048
264679
264697
264713
264717
264719
264720
264736
264768
265410
265991
266028
266093
266101
266102
266106
266158
266217
266769
266770
266838
266839
267352
267439
267443
267446
267520
267530
267573
267652
268161
268185
268255
268272
268809
268816
268839
268861
268918
268942
268951
269464
269670
269679
270271
270281
270282
270346
270486
271601
271662
271684
271706
271708
271709
271710
271735
271780
271786
271790
271832
273020
273080
273081
273107
273120
273126
273205
273210
273247
273249
273250
273323
273791
273839
274488
274528
274570
274578
274595
274622
274629
274652
274669
274670
275192
275210
275213
275312
275906
275907
275908
275962
275965
275982
276035
276068
276090
276173
276628
276764
276803
277317
277329
277330
277338
277386
277404
277409
277418
277463
277510
277512
277513
278138
278139
278751
278761
278806
278822
278826
278840
278860
278863
278936
279482
279485
279510
279548
279576
279577
279593
279605
280211
280212
280277
280278
280294
280362
280913
280968
280984
280985
281001
281023
281030
281033
281035
281576
281789
281821
281838
282450
283036
283062
283095
283121
283149
283756
283757
283766
283818
283820
283887
284462
284491
284492
284505
284529
284532
285138
285184
285244
285314
285919
285923
285943
285945
285946
285957
285959
286009
286026
286052
286091
286131
286133
286622
287264
287278
287279
287297
287298
287303
287372
287380
287381
287383
287385
287386
287521
287561
288015
288225
288680
288746
288753
288768
288774
288796
288801
288807
288809
288811
288813
288816
288828
288830
288861
288979
288987
288998
289000
289469
289482
289569
289597
290110
290172
290183
290188
290207
290208
290232
290233
290235
290258
290335
290429
290902
290912
290951
291613
291657
291677
291728
291858
291860
292274
292432
292456
292460
293044
293086
293087
293100
293118
293249
293293
293863
293893
294455
294515
294524
294531
294532
294533
294534
294673
295234
295296
295898
295950
295966
295968
296086
296104
296581
296638
296678
296730
296760
297329
297332
297343
297381
297402
297447
297476
298045
298071
298111
298194
298195
298836
299448
299542
299618
299625
299662
299667
299668
300190
300242
300250
300253
300283
300305
300317
300335
300390
301057
301064
301807
302327
302347
302350
302367
302368
303055
303258
303260
303275
303297
303763
303793
303866
304553
304570
304574
304578
304715
305217
305229
305237
305373
305882
305944
305945
305947
305990
305993
305997
306006
306010
306013
306043
306065
306076
306077
306085
306112
306115
306666
306675
306676
306705
306744
306811
307385
307428
307443
307444
307548
307575
307579
307585
307638
308115
308120
308253
308278
308758
308858
308861
308873
308881
308882
308886
308940
308941
308942
308983
308984
309010
309011
309025
309074
309075
309554
309577
309614
309632
310197
310253
310263
310266
310275
310324
310348
310379
310420
310439
310512
310513
310514
310518
310991
310992
311014
311015
311016
311023
311026
311146
311157
311158
311706
311711
311749
311751
311753
311756
311778
311795
311819
311831
311856
311857
311868
311881
311956
312321
312430
312533
312534
312538
312584
312597
313123
313141
313144
313146
313148
313149
313187
313199
313327
313391
313832
313892
314002
314003
314544
314567
314584
314590
314627
314633
314635
314654
314664
314672
314734
315309
315310
315335
315347
315388
315419
315442
315443
316031
316034
316056
316067
316157
316160
316172
316207
316275
316673
316742
316750
316751
316770
316800
316827
317441
317442
317453
317461
317517
317544
317596
317598
317599
318190
318217
318318
318882
318914
318925
318955
318957
319103
319610
319653
319658
319659
319673
319778
319784
319785
320311
320351
320398
320406
320424
320448
320480
320500
320501
320516
320991
321001
321057
321066
321085
321090
321098
321099
321100
321107
321113
321158
321168
321200
321783
321784
321789
321790
321838
321847
321848
321912
322506
322525
322527
322531
322537
322542
322577
322640
322658
323223
323224
323261
323322
323382
323958
323961
323969
324010
324023
324084
324629
324653
324654
324664
324672
324686
324730
324735
325400
325407
325409
325465
325468
325492
325506
325524
325539
326093
326101
326112
326117
326154
326217
326257
326844
326846
326849
326901
326930
326931
326958
326964
326965
326975
326980
326981
327545
327582
327585
327716
328279
328286
328341
328342
328343
328344
328345
328347
328355
328403
328404
328418
328420
328957
328989
329008
329136
329685
329781
329782
329793
329799
329823
329824
329836
329839
329857
329858
330414
330429
330447
330565
331173
331176
331192
331279
331284
331299
331883
332495
332574
332575
332614
332623
332632
332663
332677
332722
332741
332778
333309
333322
333339
333372
334099
334117
334127
334162
334179
334181
334263
334779
334801
334872
335370
335452
335491
335554
335561
335562
335596
335597
335601
335614
335621
335627
335658
335702
336131
336241
336244
336302
336308
336312
336921
336923
336926
336931
336937
336986
337052
337543
337612
337660
337694
338332
338368
338369
338371
338372
338374
338376
338378
338430
338470
338482
338486
338487
338496
339039
339091
339092
339773
339808
339839
339904
339905
339929
339935
339936
339937
339949
340023
340483
340543
340561
340562
341212
341258
341322
341350
341377
341378
341380
341381
341469
341891
341973
342073
342201
342643
342692
342696
342699
342702
342745
342783
342802
342803
342828
343396
343410
343513
343514
343515
343577
344089
344149
344150
344151
344260
344295
344339
344799
344962
344970
345073
345568
345587
345682
345683
345684
345685
345687
345689
345695
346398
346399
346402
346889
346970
347032
347040
347072
347120
347121
347124
347126
347127
347182
347745
347778
347835
348445
348467
348468
348471
348472
348558
348563
348564
348565
348574
348589
348626
349243
349267
349807
349869
349907
349909
349913
349966
349967
349997
350014
350015
350016
350033
350602
350691
350696
350704
350705
351245
351262
351354
351391
351405
351413
351435
351437
351441
351446
351453
351454
351455
352038
352046
352085
352136
352147
352148
352687
352700
352701
352716
352818
352835
352836
352839
352848
352863
352877
352878
352903
352950
353411
353440
353554
354223
354234
354237
354274
354303
354315
354320
354343
354906
354992
355551
355562
355584
355616
355662
355675
355678
355716
355750
355751
355752
355753
355754
355757
355758
357076
357113
357117
357148
357185
357186
357187
357188
357190
357192
357193
357194
357195
357196
357227
357798
358515
358571
358574
358611
358622
358625
358629
358631
358633
358643
358652
359865
359946
359976
359979
359980
359999
360000
360007
360033
360036
360042
360046
360047
360049
360052
360054
360058
360065
360067
360655
360697
360710
360760
360875
361223
361301
361322
361335
361364
361412
361415
361416
361417
361431
361437
361439
361442
361449
361452
361455
361475
361479
361485
361492
361494
361501
361503
361511
361530
362112
362147
362149
362188
362195
362204
362322
362751
362755
362758
362811
362819
362854
362856
362857
362866
362867
362870
362872
362876
362877
362888
362889
362891
362894
362912
362913
362914
362929
362930
362933
362937
362962
363010
363554
363560
363585
363622
363636
363708
363749
364154
364157
364278
364287
364289
364292
364294
364300
364301
364304
364308
364312
364313
364314
364315
364317
364329
364345
364346
364353
364355
364363
364371
364376
364394
364395
364437
364444
364445
364994
365067
365068
365588
365646
365706
365712
365722
365728
365729
365732
365735
365742
365749
365766
365779
365794
365795
365796
365798
365805
365811
365812
365829
365833
365870
365881
366358
366426
366500
366625
367050
367075
367078
367107
367118
367144
367145
367149
367157
367162
367163
367164
367175
367182
367183
367184
367185
367187
367194
367201
367225
367227
367229
367230
367231
367232
367237
367245
367251
367252
367258
368033
368481
368494
368499
368552
368566
368579
368592
368595
368599
368600
368601
368602
368603
368608
368617
368618
368622
368624
368662
368688
368689
369359
369469
369926
370029
370031
370032
370033
370037
370042
370063
370069
370071
370072
370091
370104
370105
370116
370121
370789
370797
370867
370868
371322
371431
371438
371460
371462
371465
371467
371468
371488
371495
371498
371505
371518
371524
371530
371531
371532
371536
371537
371538
371544
371547
371610
372225
372865
372879
372880
372891
372892
372893
372894
372897
372913
372918
372933
372950
372954
372960
372963
372966
372975
372978
372983
372984
373612
373637
373648
374178
374208
374241
374267
374298
374301
374348
374357
374383
374384
374386
374395
374402
374403
375032
375071
375606
375611
375645
375654
375720
375741
375745
375782
375786
375806
375809
375811
375812
375814
375823
375824
375837
376594
376622
377073
377127
377138
377158
377169
377223
377233
377234
377236
377237
377238
377243
377250
377251
377258
377333
377918
378496
378548
378596
378597
378598
378599
378604
378606
378660
378661
378663
378664
378665
378678
378682
378746
379465
379474
379894
380023
380024
380031
380087
380112
380115
380127
380634
380635
380702
380771
381342
381356
381357
381358
381436
381440
381505
381507
381510
381511
381514
381517
381529
381530
381556
382155
382193
382765
382780
382781
382812
382820
382821
382864
382876
382879
382892
382910
382929
382935
382937
383006
383031
384242
384287
384297
384299
384303
384350
384351
384365
384872
385038
385039
385687
385708
385709
385738
385751
385767
385772
385779
386393
386437
386461
386462
387014
387058
387077
387117
387128
387130
387131
387132
387139
387145
387170
387171
387188
387209
387293
387806
387883
388420
388425
388470
388515
388532
388538
388541
388561
388566
388592
388595
388630
389283
389311
389839
389841
389886
389956
389958
390010
390042
390062
390126
390127
390721
390728
391186
391258
391259
391265
391282
391307
391318
391345
391370
391389
391392
391397
391425
391435
391453
391477
391489
391536
392148
392674
392675
392724
392742
392776
392805
392806
392821
392844
392852
392948
392964
393533
393562
394115
394142
394151
394186
394187
394189
394190
394191
394239
394268
394274
394301
394340
394373
394975
395604
395605
395606
395617
395653
395654
395688
395690
395691
395699
395710
395803
396227
396923
396966
397001
397017
397023
397025
397026
397032
397039
397040
397066
397086
397101
398337
398358
398378
398379
398412
398413
398441
398444
398445
398448
398452
398453
398526
398530
398555
398617
398622
398624
399788
399791
399876
399890
399911
399936
399963
399974
400028
401159
401192
401272
401277
401280
401281
401319
401321
401325
401326
401382
401383
401392
401401
402652
402689
402722
402723
402729
402734
402752
403339
403359
403444
403980
404127
404129
404134
404146
404177
404251
404261
404794
405365
405383
405425
405533
405548
405551
405603
405616
405640
405655
405697
406159
406237
406772
406806
406874
406900
406950
406951
406953
406954
406957
407068
407659
408173
408286
408289
408346
408352
408354
408357
408456
408461
409574
409595
409609
409612
409613
409619
409663
409725
409727
409729
409739
409742
409743
409748
409752
409753
409755
409756
409791
409808
409815
409862
409884
410403
410981
411120
411121
411125
411151
411158
411165
411236
411256
412369
412381
412387
412403
412409
412410
412491
412518
412526
412531
412541
412548
412550
412553
412554
412556
412561
412563
412564
412605
412615
412633
412671
413765
413766
413805
413810
413883
413900
413901
413904
413913
413914
413944
413947
413951
413952
413957
413961
413981
414010
414045
414049
414050
414567
414602
415161
415168
415198
415200
415222
415290
415297
415303
415307
415315
415336
415344
415350
415353
415354
415368
415397
415429
416584
416587
416588
416639
416689
416690
416699
416724
416725
416726
416728
416731
416735
416737
416743
416816
416898
417962
417972
417983
418004
418009
418091
418092
418100
418116
418127
418128
418139
418141
418147
418187
418191
418198
418205
418207
418216
418227
419348
419349
419357
419401
419462
419481
419482
419486
419519
419549
419552
419588
419600
420736
420836
420871
420872
420875
420914
420935
420937
420941
420969
420970
420974
420985
420987
420988
420989
420990
420992
421043
421072
422111
422149
422173
422208
422248
422251
422258
422261
422267
422277
422294
422301
422310
422311
422312
422324
422328
422347
422350
422360
422361
422362
422370
422371
422372
422373
422374
422905
423532
423535
423543
423561
423600
423620
423628
423634
423665
423674
423679
423686
423691
423701
423702
423703
423709
423713
423752
423754
423756
423757
423758
423759
423760
423761
423764
423815
423853
423856
424884
424940
424941
424975
425011
425012
425013
425026
425043
425044
425047
425048
425056
425058
425073
425074
425081
425087
425088
425090
425138
425139
425140
425141
425142
425146
425182
425225
425665
426224
426260
426322
426371
426373
426391
426392
426404
426406
426427
426428
426429
426430
426432
426439
426446
426452
426453
426454
426467
426469
426471
426519
426520
426521
426522
426523
426524
426526
426528
426551
426613
427635
427711
427746
427771
427795
427796
427806
427807
427808
427811
427819
427831
427851
427866
427881
427906
427907
427908
427988
429013
429082
429088
429114
429121
429132
429146
429160
429162
429192
429209
429227
429228
429260
429276
429277
429278
429279
429286
429337
429371
429372
430459
430498
430505
430545
430559
430563
430564
430565
430569
430574
430585
430586
430589
430605
430610
430654
430655
430656
430661
430683
430740
430747
430748
431177
431822
431831
431860
431861
431871
431928
431935
431945
431947
431948
431949
431962
431979
431980
431981
431982
432000
432006
432012
432019
432028
432030
432031
432047
432120
433233
433237
433268
433271
433281
433302
433303
433320
433321
433331
433334
433352
433353
433354
433379
433397
433400
433403
433891
434522
434580
434581
434597
434599
434603
434630
434636
434639
434640
434641
434642
434647
434651
434653
434687
434688
434693
434695
434701
434702
434704
434705
434713
434722
434724
434725
434728
434736
434766
434772
434832
435937
435948
435949
435996
436004
436010
436011
436022
436040
436041
436042
436044
436054
436056
436060
436069
436075
436076
436094
436107
436134
436140
436141
436145
436156
437315
437316
437325
437328
437345
437371
437372
437374
437375
437376
437386
437393
437407
437422
437426
437427
437428
437429
437442
437446
437447
437463
437464
437472
437473
437477
438075
438664
438687
438700
438701
438708
438721
438735
438748
438749
438751
438762
438773
438787
438790
438794
438805
438807
438812
438819
438825
438826
438828
438831
438838
438859
438860
439450
440063
440064
440065
440068
440104
440109
440112
440129
440156
440158
440162
440169
440170
440171
440175
440177
440178
440188
440197
440198
440201
440221
440222
440239
441331
441370
441380
441426
441433
441450
441462
441464
441474
441480
441506
441507
441510
441517
441521
441528
441531
441556
441600
441607
441633
441676
442167
442168
442689
442690
442710
442714
442730
442759
442790
442822
442823
442835
442847
442855
442861
442866
442869
442896
442909
442912
442913
442932
442959
442965
442986
444053
444066
444067
444161
444204
444217
444224
444225
444228
444240
444245
444257
444276
444286
444304
444306
444324
444415
445440
445460
445510
445521
445529
445530
445532
445534
445587
445589
445590
445591
445594
445595
445603
445604
445613
445653
445655
445659
445667
445679
445734
446157
446760
446761
446869
446880
446899
446913
446918
446928
446934
446935
446945
446955
446956
446962
446963
446966
446980
448108
448137
448144
448157
448160
448182
448201
448203
448212
448228
448229
448230
448231
448233
448248
448249
448296
448309
448311
448312
448313
448324
448325
448329
448330
448367
448385
448386
448391
448399
449456
449458
449547
449549
449576
449577
449583
449592
449600
449609
449611
449617
449619
449637
449643
449644
449671
449672
449676
449686
449691
449709
449720
449721
449737
449738
449782
450806
450827
450829
450844
450866
450868
450903
450905
450918
450930
450953
450957
450978
450989
450999
451000
451003
451030
451032
451034
451036
451073
451074
451083
452146
452150
452158
452159
452172
452173
452279
452280
452282
452284
452285
452286
452294
452338
452339
452342
452343
452344
452345
452363
452364
452376
452401
452409
453498
453550
453575
453583
453591
453622
453623
453643
453651
453654
453683
453699
453702
453709
453712
453717
453718
453720
453757
453759
453763
453808
454874
454902
454961
454972
454986
454990
455007
455008
455009
455018
455032
455033
455035
455037
455038
455040
455049
455055
455057
455108
455146
455155
456123
456152
456183
456195
456198
456207
456266
456311
456319
456320
456324
456325
456335
456339
456341
456343
456348
456350
456351
456355
456356
456364
456373
456374
456377
456390
456394
456414
456420
456421
456422
457489
457496
457533
457537
457539
457608
457629
457633
457645
457651
457655
457662
457672
457673
457674
457680
457681
457683
457685
457686
457697
457700
457709
457719
457720
457721
457726
457727
458858
458976
458988
458989
459010
459011
459014
459016
459017
459020
459022
459023
459024
459042
459051
459055
459116
459118
459158
460260
460265
460289
460290
460291
460307
460313
460316
460319
460320
460321
460322
460325
460327
460329
460342
460346
460351
460352
460372
460382
460390
460393
460396
460415
460426
460501
460510
460517
461459
461504
461528
461609
461616
461627
461630
461634
461640
461645
461646
461649
461653
461665
461670
461673
461677
461679
461682
461695
461702
461710
461711
461736
461745
461752
462808
462809
462828
462865
462919
462927
462946
462968
462970
462971
462973
462974
462975
462976
462977
462978
462982
462988
463011
463039
463074
463099
463123
463147
463148
464125
464126
464159
464160
464228
464260
464273
464287
464289
464291
464294
464298
464300
464308
464309
464339
464354
464360
464363
464378
464394
464395
464396
464397
464468
465427
465444
465445
465468
465479
465507
465519
465564
465575
465601
465605
465608
465612
465615
465617
465618
465621
465622
465625
465627
465666
465670
465696
465697
465698
465713
465719
466787
466854
466892
466894
466897
466903
466914
466922
466930
466931
466932
466933
466934
466935
466938
466940
466941
466947
466952
466967
466984
467026
467027
467028
467038
467053
467101
468064
468138
468159
468165
468181
468201
468202
468205
468206
468207
468209
468222
468224
468230
468238
468240
468241
468243
468245
468246
468254
468291
468307
468326
468327
468340
468341
468350
468421
469373
469453
469493
469516
469519
469534
469545
469551
469552
469556
469557
469559
469562
469598
469637
469651
469652
469654
469660
469663
469691
469726
469727
470694
470730
470825
470827
470834
470838
470843
470854
470855
470864
470866
470867
470883
470885
470886
470926
470945
470955
470963
470969
470973
471016
471028
471036
471037
471997
471999
472000
472037
472072
472120
472129
472134
472144
472156
472161
472164
472166
472172
472173
472178
472227
472230
472233
472236
472250
472264
472265
472268
472269
472310
472331
472332
472333
473302
473309
473321
473356
473405
473416
473417
473431
473451
473469
473472
473473
473488
473495
473501
473508
473528
473539
473540
473552
473568
473569
473570
473578
474717
474718
474721
474731
474732
474750
474755
474766
474769
474770
474782
474797
474798
474814
474821
474840
474846
474847
474851
474852
474870
474876
474877
474879
474881
474931
474938
475891
475929
475931
475965
476002
476015
476020
476048
476069
476094
476096
476097
476098
476104
476113
476119
476149
476164
476165
476166
476171
476172
476175
476180
477223
477236
477252
477290
477304
477316
477317
477318
477319
477320
477321
477325
477333
477340
477344
477345
477346
477348
477350
477355
477356
477357
477365
477389
477390
477391
477392
477393
477415
477419
477460
477472
477474
477475
477485
477503
477536
478498
478504
478511
478515
478518
478545
478561
478562
478565
478593
478610
478611
478614
478616
478617
478618
478626
478628
478629
478632
478635
478637
478638
478639
478641
478644
478647
478650
478683
478689
478690
478722
478734
478735
478766
478767
478779
478782
478828
478831
479906
479907
479908
479911
479912
479913
479914
479915
479918
479920
479921
479922
479927
479931
479935
479939
479948
479949
479960
479972
479978
479979
479980
479981
479982
479985
479986
479987
479989
479993
480016
480019
480020
480024
480025
480032
480043
480054
480056
480070
480103
481128
481149
481150
481171
481190
481192
481193
481195
481205
481215
481259
481260
481263
481265
481266
481267
481269
481273
481274
481275
481292
481298
481305
481310
481311
481312
481314
481317
481326
481331
481340
481352
481354
481385
481386
481387
481389
482360
482380
482402
482406
482473
482476
482485
482490
482506
482510
482522
482523
482536
482544
482546
482548
482549
482550
482551
482556
482558
482559
482560
482563
482578
482587
482588
482589
482590
482591
482592
482593
482594
482630
482634
482636
482657
482668
482669
482671
483657
483688
483693
483713
483760
483780
483804
483812
483813
483826
483827
483830
483832
483835
483836
483838
483839
483840
483841
483842
483845
483847
483861
483868
483870
483872
483873
483874
483882
483896
483909
483910
483912
483940
484932
484947
484987
484990
484991
484992
484993
484994
485026
485033
485047
485048
485049
485090
485098
485110
485111
485112
485113
485114
485115
485116
485117
485118
485119
485121
485122
485131
485141
485145
485146
485150
485186
485188
485197
485203
485206
486172
486219
486231
486266
486267
486268
486269
486271
486277
486284
486300
486302
486303
486311
486312
486315
486316
486319
486320
486323
486324
486331
486335
486336
486337
486338
486351
486353
486362
486364
486365
486366
486367
486372
486373
486377
486381
486385
486386
486388
486389
486391
486392
486393
486394
486396
486397
486398
486401
486402
486403
486411
486414
486415
486416
486418
486419
486420
486438
486450
486451
486453
486461
486476
486477
486480
486481
487493
487503
487504
487517
487537
487538
487539
487540
487541
487572
487582
487583
487584
487587
487588
487592
487594
487606
487622
487624
487631
487639
487640
487645
487657
487658
487659
487660
487661
487662
487664
487665
487666
487669
487670
487681
487690
487697
487699
487709
487711
487758
488758
488759
488772
488807
488809
488810
488826
488840
488852
488856
488860
488861
488862
488863
488878
488880
488883
488891
488898
488905
488912
488917
488918
488919
488929
488930
488931
488932
488934
488935
488937
488938
488939
488951
488958
488963
488972
489024
489908
489978
490029
490049
490108
490109
490117
490119
490121
490127
490128
490176
490181
490184
490186
490193
490194
490195
490196
490197
490198
490199
490202
490203
490204
490207
490214
490224
490229
490230
490239
490253
490287
491267
491293
491311
491339
491341
491372
491406
491445
491459
491460
491461
491462
491464
491465
491466
491467
491468
491469
491486
491490
491492
491502
491528
491547
492506
492545
492556
492557
492627
492628
492630
492632
492633
492640
492641
492644
492658
492659
492674
492698
492701
492708
492709
492716
492717
492719
492721
492722
492723
492725
492732
492745
492746
492765
492786
493804
493814
493820
493854
493855
493856
493877
493886
493889
493890
493893
493898
493899
493905
493908
493909
493912
493917
493920
493927
493930
493962
493963
493964
493966
493977
493978
493979
493980
493981
493982
493983
493984
494021
494022
494029
494049
495068
495082
495134
495143
495144
495145
495146
495147
495148
495155
495156
495159
495160
495167
495177
495181
495189
495212
495220
495222
495226
495231
495232
495233
495234
495235
495236
495275
495282
495283
495298
496308
496322
496323
496347
496348
496358
496376
496394
496395
496402
496411
496432
496449
496477
496482
496483
496484
496485
496486
496499
496526
496531
496532
496533
496556
497563
497567
497572
497579
497597
497607
497619
497676
497684
497688
497718
497720
497721
497731
497732
497735
497775
497777
498824
498825
498899
498900
498905
498921
498928
498934
498935
498966
498968
498969
498973
498974
498976
498979
498980
498997
499061
499062
500028
500040
500051
500117
500142
500172
500189
500215
500216
500217
500220
500221
500222
500223
500227
500230
500231
500248
500255
500259
500260
500279
501288
501302
501357
501365
501411
501445
501449
501453
501454
501458
501462
501463
501464
501496
501497
502470
502564
502565
502590
502594
502614
502681
502682
502683
502684
502688
502689
502690
502697
502698
502794
503789
503798
503815
503820
503822
503824
503825
503826
503846
503860
503922
503926
503928
503929
503998
504001
504008
504959
505050
505068
505125
505139
505142
505146
505148
505158
505244
506186
506222
506223
506276
506290
506293
506341
506372
506373
506377
506442
506453
507406
507445
507488
507494
507515
507517
507534
507564
507568
507569
507577
507594
507595
507596
507597
507600
507674
508625
508626
508718
508721
508733
508748
508768
508787
508789
508792
508793
508794
508805
508809
508813
508819
508834
508846
508894
508895
508896
508912
509908
509912
509913
509922
509926
509928
510000
510007
510015
510062
510104
510110
510111
511051
511128
511138
511139
511142
511149
511165
511166
511169
511177
511211
511218
511232
511248
511261
511268
511273
511317
511325
512267
512279
512374
512375
512418
512419
512420
512421
512427
512437
512444
512480
512483
512489
512520
513470
513579
513622
513623
513625
513626
513630
513642
513643
513648
513684
514684
514733
514844
514845
514849
516007
516008
516024
516025
516031
517220
518411
