1.325976562500000000e+02
2.837382812500000000e+02
1.325976562500000000e+02
3.309648437500000000e+02
1.325976562500000000e+02
3.750429687500000000e+02
1.368632812500000000e+02
4.191210937500000000e+02
1.475273437500000000e+02
4.569023437500000000e+02
1.667226562500000000e+02
4.852382812500000000e+02
1.944492187500000000e+02
5.009804687500000000e+02
2.285742187500000000e+02
5.041289062500000000e+02
2.584335937500000000e+02
5.041289062500000000e+02
2.904257812500000000e+02
5.041289062500000000e+02
3.202851562500000000e+02
4.978320312500000000e+02
3.416132812500000000e+02
4.726445312500000000e+02
3.629414062500000000e+02
4.506054687500000000e+02
3.778710937500000000e+02
4.096757812500000000e+02
3.800039062500000000e+02
3.624492187500000000e+02
3.800039062500000000e+02
3.183710937500000000e+02
3.842695312500000000e+02
2.742929687500000000e+02
1.411289062500000000e+02
2.522539062500000000e+02
1.581914062500000000e+02
2.333632812500000000e+02
1.795195312500000000e+02
2.317890625000000000e+02
2.029804687500000000e+02
2.349375000000000000e+02
2.243085937500000000e+02
2.412343750000000000e+02
2.861601562500000000e+02
2.443828125000000000e+02
3.053554687500000000e+02
2.365117187500000000e+02
3.245507812500000000e+02
2.317890625000000000e+02
3.448125000000000000e+02
2.286406250000000000e+02
3.650742187500000000e+02
2.428085937500000000e+02
2.563007812500000000e+02
2.742929687500000000e+02
2.584335937500000000e+02
3.026289062500000000e+02
2.584335937500000000e+02
3.309648437500000000e+02
2.584335937500000000e+02
3.593007812500000000e+02
2.200429687500000000e+02
3.750429687500000000e+02
2.371054687500000000e+02
3.781914062500000000e+02
2.584335937500000000e+02
3.813398437500000000e+02
2.776289062500000000e+02
3.781914062500000000e+02
2.968242187500000000e+02
3.750429687500000000e+02
1.624570312500000000e+02
2.774414062500000000e+02
1.731210937500000000e+02
2.679960937500000000e+02
2.029804687500000000e+02
2.648476562500000000e+02
2.157773437500000000e+02
2.774414062500000000e+02
2.008476562500000000e+02
2.837382812500000000e+02
1.752539062500000000e+02
2.837382812500000000e+02
2.946914062500000000e+02
2.805898437500000000e+02
3.074882812500000000e+02
2.648476562500000000e+02
3.394804687500000000e+02
2.648476562500000000e+02
3.501445312500000000e+02
2.774414062500000000e+02
3.373476562500000000e+02
2.837382812500000000e+02
3.096210937500000000e+02
2.837382812500000000e+02
1.965820312500000000e+02
4.348632812500000000e+02
2.200429687500000000e+02
4.222695312500000000e+02
2.477695312500000000e+02
4.159726562500000000e+02
2.563007812500000000e+02
4.191210937500000000e+02
2.648320312500000000e+02
4.159726562500000000e+02
2.925585937500000000e+02
4.191210937500000000e+02
3.181523437500000000e+02
4.317148437500000000e+02
2.989570312500000000e+02
4.506054687500000000e+02
2.797617187500000000e+02
4.631992187500000000e+02
2.563007812500000000e+02
4.663476562500000000e+02
2.349726562500000000e+02
4.631992187500000000e+02
2.157773437500000000e+02
4.506054687500000000e+02
1.987148437500000000e+02
4.348632812500000000e+02
2.285742187500000000e+02
4.348632812500000000e+02
2.563007812500000000e+02
4.348632812500000000e+02
2.840273437500000000e+02
4.348632812500000000e+02
3.138867187500000000e+02
4.317148437500000000e+02
2.840273437500000000e+02
4.348632812500000000e+02
2.563007812500000000e+02
4.380117187500000000e+02
2.285742187500000000e+02
4.348632812500000000e+02
